./main ./tests.txt
00000000000000000000000000000000 4
01010101001011111101001011111111 4
01111111111111111111111111111111 3
00000101010101001001000001101001 4
01000000100000000000000000000000 6
00111111111111111111111111110000 4
10111001001010111101010101100011 4
00000001000011100010000101000000 4
00000000000000000000000000000001 3
00000001100000000000000000000000 6
00000000011011000111101101110111 3
10000000001110000010100100101101 3
00000000001110000010100100101101 3
10000000011011000111101101110111 3
00000000100000000000000000000001 4
10000000100000000000000000000001 4
00000000000000000000000000000000 4
10000000001010101010101010101011 3
00000000001010101010101010101011 3
00000001001011110001111011100110 4
10000000100011000001001101111000 4
00000000100011000001001101111000 4
10000001001011110001111011100110 4
10000000000000000000000000001000 3
00000000000000000000000000001000 3
00000000000000000000000000000000 4
00000000000000000000000000000000 4
01111111100000000000000000000000 3
11111111100000000000000000000000 3
01111111100000000000000000000000 3
01111111100000000000000000000000 3
01111111100000000000000000000000 3
01111111100000000000000000000000 3
01111111100000000000000000000000 3
01111111111111111111111111111111 3
11111111100000000000000000000000 3
11111111100000000000000000000000 3
11111111100000000000000000000000 3
11111111100000000000000000000000 3
11111111100000000000000000000000 3
00000000000000000011010100000101 3
10000000000000000011010100000101 3
01111111100000000000000000000000 3
01010100010010010010000010010011 4
11010100010010010010000010010011 4
11111111100000000000000000000000 3
00000000000000000000000000000000 4
01111111111111111111111111111111 3
01111111111111111111111111111111 3
01111111111111111111111111111111 3
01111111111111111111111111111111 3
01111111111111111111111111111111 3
01111111111111111111111111111111 3
01111111111111111111111111111111 3
01111111111111111111111111111111 3
01111111100000000000000000000000 3
00000000011111111111111111111111 3
00000000011111111111111111111111 3
01111111100000000000000000000000 5
01111111011111111111111111111111 4
00000000100000000000000000000001 4
00000001000000000000000000000000 4
01000001100101000000000000001000 4
11000001001110000000000000000001 4
01000001001110000000000000000001 4
11000001100101000000000000001000 4
01000001100101000000000000001000 4
11000001001110000000000000000010 4
01000001001110000000000000000010 4
11000001100101000000000000001000 4
